109 103  97  93  89  83  78  71  67  65  60  58  54  52  50  48
109 103  97  93  88  81  78  71  67  63  59  58  54  52  50  48
109 103  25  25  25  36  27  26  22  30  22  24  24  25  50  48
109 103  24  25  23  40  77  69  25  35  24  23  24  26  50  48
109 103  27  23  25  42  79  26  66  28  25  23  28  26  50  48
109 103  33  31  29  42  73  64  58  52  27  28  27  30  50  48
109 103  82  96  27  70  65  25  58  33  62  25  25  47  50  48
109 103  98  27  23  83  78  70  63  33  60  55  22  25  50  48
109 103  96  26  24  51  76  71  28  29  61  23  56  51  50  48
109 103  96  26  26  48  66  28  68  61  55  52  24  27  50  48
109 103  31  30  30  45  30  23  60  50  29  26  48  28  50  48
109 103  24  23  28  40  77  70  23  25  25  25  57  26  50  48
109 103  24  22  24  40  78  69  67  61  60  25  26  26  50  48
109 103  28  24  26  39  78  71  24  50  62  58  57  25  50  48
109 103  97  93  88  81  78  71  67  63  59  58  54  52  50  48
109 103  97  93  88  81  78  71  67  63  59  58  54  52  50  48
202 197 193 188 183 181 177 173 167 165 164 162 159 157 156 153
201 197 193 188 185 181 177 173 167 165 163 162 159 157 156 154
201 197  18  18  18  77  19  19  19  50  20  19  17  20 156 154
201 197  19  20  17  79 177 170  19  51  19  19  17  19 156 154
201 197  19  20  17  79 177  18 168  18  18  18  18  19 156 154
201 197  37  39  39  84 176 148 147 130  35  35  35  36 156 154
201 197 165 188  19 155 151  18 144  62 162  18  18 136 156 154
201 197 193  18  18 181 177 172 168  50 162 163  18  19 156 154
201 197 193  20  20 110 177 173  19  52 163  19 157 157 156 154
201 197 193  19  18 107 154  37 168 160 141 141  19  37 156 154
201 197  44  43  42  87  41  18 144 128  39  19 136  38 156 154
201 197  19  20  19  79 177 171  18  18  19  19 159  19 156 154
201 197  19  19  17  79 176 172 165 165 163  17  19  19 156 154
201 197  19  19  20  78 176 173  17 127 164 162 158  19 156 154
201 197 193 188 185 181 177 173 167 165 163 162 159 157 156 154
201 197 193 188 185 181 177 173 167 165 163 162 159 157 156 154
235 233 233 231 229 229 229 226 225 224 223 221 222 220 219 220
236 233 233 231 229 229 229 226 225 224 222 221 222 220 219 218
236 233 110 109 110 150 110 110 110 129 110 110 108 109 219 218
236 233 110 110 111 153 227 225 107 133 110 111 110 110 219 218
236 233 110 110 110 153 230 110 226 111 109 110 110 110 219 218
236 233 125 124 123 155 229 211 208 197 121 122 122 123 219 218
236 233 211 232 109 210 208 109 206 141 223 109 109 201 219 218
236 233 233 110 110 228 228 227 224 134 223 221 110 110 219 218
236 233 233 108 110 176 226 225 109 133 223 109 220 220 219 218
236 233 232 109 109 174 211 123 225 219 207 206 110 120 219 218
236 233 127 126 126 158 125 109 205 195 126 110 204 123 219 218
236 233 110 110 109 153 226 226 112 109 109 110 221 110 219 218
236 233 110 108 110 153 226 226 225 224 222 108 110 110 219 218
236 233 110 109 110 153 227 226 112 193 220 221 221 106 219 218
236 233 233 231 229 229 229 226 225 224 222 221 222 220 219 218
236 233 233 231 229 229 229 226 225 224 222 221 222 220 219 218

 48  48  48  48  48  48  48  48  48  48  48  48  48  48  48  48
 50  50  50  50  50  50  50  50  50  50  50  50  50  50  50  50
 52  52  25  26  26  30  48  25  51  28  28  26  26  25  52  52
 54  54  25  25  28  28  25  22  56  25  49  58  26  57  54  54
 58  58  24  24  24  29  26  56  23  52  26  25  25  58  58  58
 60  59  22  24  25  28  62  61  62  55  29  25  61  62  59  59
 65  63  31  35  28  53  33  33  29  61  51  25  61  50  63  63
 67  67  22  26  67  58  59  63  28  68  61  23  67  24  67  67
 71  71  26  70  26  63  25  70  71  28  23  71  70  71  71  71
 78  78  28  77  80  74  66  79  77  66  30  78  78  79  78  78
 83  81  36  40  42  43  71  83  51  48  45  40  40  39  81  81
 89  88  26  24  25  30  27  23  24  26  30  28  25  27  88  88
 93  93  25  25  24  32  97  27  27  26  29  24  23  25  93  93
 97  97  26  24  27  33  83  98  96  97  31  24  24  28  97  97
103 103 103 103 103 103 103 103 103 103 103 103 103 103 103 103
109 109 109 109 109 109 109 109 109 109 109 109 109 109 109 109
153 154 154 154 154 154 154 154 154 154 154 154 154 154 154 154
156 156 156 156 156 156 156 156 156 156 156 156 156 156 156 156
157 157  21  19  19  38 138  19 157  38  37  19  19  20 157 157
159 159  18  17  18  37  19  18 158  19 138 159  19 159 159 159
162 162  19  19  19  37  18 164  19 140  19  19  17 162 162 162
164 163  20  19  18  37 163 163 163 141  38  19 163 164 163 163
165 165  51  51  19 131  61  50  52 160 129  18 165 128 165 165
167 167  20  19 168 145 146 169  19 168 147  18 165  18 167 167
173 173  19 171  19 147  18 173 173  39  18 172 173 173 173 173
177 177  19 178 177 177 153 177 177 153  39 177 176 177 177 177
181 181  78  79  79  86 156 181 110 107  86  79  79  78 181 181
183 185  18  17  18  41  19  19  20  19  41  19  17  21 185 185
188 188  18  20  20  41 189  19  21  19  41  20  20  19 188 188
193 193  19  19  19  39 167 193 193 193  42  19  19  20 193 193
197 197 197 197 197 197 197 197 197 197 197 197 197 197 197 197
202 201 201 201 201 201 201 201 201 201 201 201 201 201 201 201
220 218 218 218 218 218 218 218 218 218 218 218 218 218 218 218
219 219 219 219 219 219 219 219 219 219 219 219 219 219 219 219
220 220 110 110 110 124 202 110 220 121 122 110 110 106 220 220
222 222 108 110 111 124 109 111 220 110 206 221 110 221 222 222
221 221 110 112 110 124 109 222 109 206 110 110 109 221 221 221
223 222 110 110 109 123 224 224 223 206 125 110 222 221 222 222
224 224 129 133 111 198 141 134 133 219 196 109 224 194 224 224
225 225 110 108 226 207 207 224 109 225 207 112 225 113 225 225
226 226 110 225 111 210 110 228 226 124 110 227 226 226 226 226
229 229 110 227 231 230 210 228 226 211 124 227 226 227 229 229
229 229 151 153 153 157 211 228 177 174 158 153 153 154 229 229
229 229 111 112 110 124 110 110 110 109 125 110 110 110 229 229
231 231 109 111 110 125 232 110 109 109 125 111 109 110 231 231
233 233 110 110 110 127 212 233 233 232 126 110 110 111 233 233
233 233 233 233 233 233 233 233 233 233 233 233 233 233 233 233
235 236 236 236 236 236 236 236 236 236 236 236 236 236 236 236

 48  50  52  54  58  59  63  67  71  78  81  88  93  97 103 109
 48  50  52  54  58  59  63  67  71  78  81  88  93  97 103 109
 48  50  25  57  58  62  50  24  71  79  39  27  25  28 103 109
 48  50  26  26  25  61  61  67  70  78  40  25  23  24 103 109
 48  50  26  58  25  25  25  23  71  78  40  28  24  24 103 109
 48  50  28  49  26  29  51  61  23  30  45  30  29  31 103 109
 48  50  28  25  52  55  61  68  28  66  48  26  26  97 103 109
 48  50  51  56  23  62  29  28  71  77  51  24  27  96 103 109
 48  50  25  22  56  61  33  63  70  79  83  23  27  98 103 109
 48  50  48  25  26  62  33  59  25  66  71  27  97  83 103 109
 48  50  30  28  29  28  53  58  63  74  43  30  32  33 103 109
 48  50  26  28  24  25  28  67  26  80  42  25  24  27 103 109
 48  50  26  25  24  24  35  26  70  77  40  24  25  24 103 109
 48  50  25  25  24  22  31  22  26  28  36  26  25  26 103 109
 48  50  52  54  58  59  63  67  71  78  81  88  93  97 103 109
 48  50  52  54  58  60  65  67  71  78  83  89  93  97 103 109
154 156 157 159 162 163 165 167 173 177 181 185 188 193 197 201
154 156 157 159 162 163 165 167 173 177 181 185 188 193 197 201
154 156  20 159 162 164 128  18 173 177  78  21  19  20 197 201
154 156  19  19  17 163 165 165 173 176  79  17  20  19 197 201
154 156  19 159  19  19  18  18 172 177  79  19  20  19 197 201
154 156  37 138  19  38 129 147  18  39  86  41  41  42 197 201
154 156  38  19 140 141 160 168  39 153 107  19  19 193 197 201
154 156 157 158  19 163  52  19 173 177 110  20  21 193 197 201
154 156  19  18 164 163  50 169 173 177 181  19  19 193 197 201
154 156 138  19  18 163  61 146  18 153 156  19 189 167 197 201
154 156  38  37  37  37 131 145 147 177  86  41  41  39 197 201
154 156  19  18  19  18  19 168  19 177  79  18  20  19 197 201
154 156  19  17  19  19  51  19 171 178  79  17  20  19 197 201
154 156  21  18  19  20  51  20  19  19  78  18  18  19 197 201
154 156 157 159 162 163 165 167 173 177 181 185 188 193 197 201
153 156 157 159 162 164 165 167 173 177 181 183 188 193 197 202
218 219 220 222 221 222 224 225 226 229 229 229 231 233 233 236
218 219 220 222 221 222 224 225 226 229 229 229 231 233 233 236
218 219 106 221 221 221 194 113 226 227 154 110 110 111 233 236
218 219 110 110 109 222 224 225 226 226 153 110 109 110 233 236
218 219 110 221 110 110 109 112 227 227 153 110 111 110 233 236
218 219 122 206 110 125 196 207 110 124 158 125 125 126 233 236
218 219 121 110 206 206 219 225 124 211 174 109 109 232 233 236
218 219 220 220 109 223 133 109 226 226 177 110 109 233 233 236
218 219 110 111 222 224 134 224 228 228 228 110 110 233 233 236
218 219 202 109 109 224 141 207 110 210 211 110 232 212 233 236
218 219 124 124 124 123 198 207 210 230 157 124 125 127 233 236
218 219 110 111 110 109 111 226 111 231 153 110 110 110 233 236
218 219 110 110 112 110 133 108 225 227 153 112 111 110 233 236
218 219 110 108 110 110 129 110 110 110 151 111 109 110 233 236
218 219 220 222 221 222 224 225 226 229 229 229 231 233 233 236
220 219 220 222 221 223 224 225 226 229 229 229 231 233 233 235

109 109 109 109 109 109 109 109 109 109 109 109 109 109 109 109
103 103 103 103 103 103 103 103 103 103 103 103 103 103 103 103
 97  97  28  24  24  31  97  96  98  83  33  27  24  26  97  97
 93  93  25  23  24  29  26  27  27  97  32  24  25  25  93  93
 88  88  27  25  28  30  26  24  23  27  30  25  24  26  88  89
 81  81  39  40  40  45  48  51  83  71  43  42  40  36  81  83
 78  78  79  78  78  30  66  77  79  66  74  80  77  28  78  78
 71  71  71  70  71  23  28  71  70  25  63  26  70  26  71  71
 67  67  24  67  23  61  68  28  63  59  58  67  26  22  67  67
 63  63  50  61  25  51  61  29  33  33  53  28  35  31  63  65
 59  59  62  61  25  29  55  62  61  62  28  25  24  22  59  60
 58  58  58  25  25  26  52  23  56  26  29  24  24  24  58  58
 54  54  57  26  58  49  25  56  22  25  28  28  25  25  54  54
 52  52  25  26  26  28  28  51  25  48  30  26  26  25  52  52
 50  50  50  50  50  50  50  50  50  50  50  50  50  50  50  50
 48  48  48  48  48  48  48  48  48  48  48  48  48  48  48  48
201 201 201 201 201 201 201 201 201 201 201 201 201 201 201 202
197 197 197 197 197 197 197 197 197 197 197 197 197 197 197 197
193 193  20  19  19  42 193 193 193 167  39  19  19  19 193 193
188 188  19  20  20  41  19  21  19 189  41  20  20  18 188 188
185 185  21  17  19  41  19  20  19  19  41  18  17  18 185 183
181 181  78  79  79  86 107 110 181 156  86  79  79  78 181 181
177 177 177 176 177  39 153 177 177 153 177 177 178  19 177 177
173 173 173 173 172  18  39 173 173  18 147  19 171  19 173 173
167 167  18 165  18 147 168  19 169 146 145 168  19  20 167 167
165 165 128 165  18 129 160  52  50  61 131  19  51  51 165 165
163 163 164 163  19  38 141 163 163 163  37  18  19  20 163 164
162 162 162  17  19  19 140  19 164  18  37  19  19  19 162 162
159 159 159  19 159 138  19 158  18  19  37  18  17  18 159 159
157 157  20  19  19  37  38 157  19 138  38  19  19  21 157 157
156 156 156 156 156 156 156 156 156 156 156 156 156 156 156 156
154 154 154 154 154 154 154 154 154 154 154 154 154 154 154 153
236 236 236 236 236 236 236 236 236 236 236 236 236 236 236 235
233 233 233 233 233 233 233 233 233 233 233 233 233 233 233 233
233 233 111 110 110 126 232 233 233 212 127 110 110 110 233 233
231 231 110 109 111 125 109 109 110 232 125 110 111 109 231 231
229 229 110 110 110 125 109 110 110 110 124 110 112 111 229 229
229 229 154 153 153 158 174 177 228 211 157 153 153 151 229 229
229 229 227 226 227 124 211 226 228 210 230 231 227 110 229 229
226 226 226 226 227 110 124 226 228 110 210 111 225 110 226 226
225 225 113 225 112 207 225 109 224 207 207 226 108 110 225 225
224 224 194 224 109 196 219 133 134 141 198 111 133 129 224 224
222 222 221 222 110 125 206 223 224 224 123 109 110 110 222 223
221 221 221 109 110 110 206 109 222 109 124 110 112 110 221 221
222 222 221 110 221 206 110 220 111 109 124 111 110 108 222 222
220 220 106 110 110 122 121 220 110 202 124 110 110 110 220 220
219 219 219 219 219 219 219 219 219 219 219 219 219 219 219 219
218 218 218 218 218 218 218 218 218 218 218 218 218 218 218 220
